configs,runtime_traj,F1,metric_valid_error
"{'hp_x0': 'avg_pool_3x3', 'hp_x1': 'nor_conv_1x1', 'hp_x2': 'nor_conv_1x1', 'hp_x3': 'nor_conv_1x1', 'hp_x4': 'nor_conv_3x3', 'hp_x5': 'nor_conv_1x1'}",5734.93584690094,0.3189,0.3189
"{'hp_x0': 'skip_connect', 'hp_x1': 'none', 'hp_x2': 'avg_pool_3x3', 'hp_x3': 'avg_pool_3x3', 'hp_x4': 'none', 'hp_x5': 'skip_connect'}",2091.464167690277,0.5545,0.5545
"{'hp_x0': 'nor_conv_3x3', 'hp_x1': 'avg_pool_3x3', 'hp_x2': 'nor_conv_3x3', 'hp_x3': 'nor_conv_3x3', 'hp_x4': 'avg_pool_3x3', 'hp_x5': 'nor_conv_3x3'}",6112.104169464112,0.3067,0.3067
"{'hp_x0': 'none', 'hp_x1': 'nor_conv_1x1', 'hp_x2': 'avg_pool_3x3', 'hp_x3': 'nor_conv_1x1', 'hp_x4': 'avg_pool_3x3', 'hp_x5': 'skip_connect'}",3690.373062229157,0.3803,0.3803
"{'hp_x0': 'nor_conv_1x1', 'hp_x1': 'avg_pool_3x3', 'hp_x2': 'nor_conv_3x3', 'hp_x3': 'nor_conv_1x1', 'hp_x4': 'nor_conv_1x1', 'hp_x5': 'nor_conv_1x1'}",5855.250842905045,0.3129,0.3129
"{'hp_x0': 'avg_pool_3x3', 'hp_x1': 'nor_conv_3x3', 'hp_x2': 'nor_conv_3x3', 'hp_x3': 'nor_conv_3x3', 'hp_x4': 'avg_pool_3x3', 'hp_x5': 'skip_connect'}",5059.290009593964,0.3687,0.3687
"{'hp_x0': 'none', 'hp_x1': 'nor_conv_1x1', 'hp_x2': 'nor_conv_1x1', 'hp_x3': 'skip_connect', 'hp_x4': 'none', 'hp_x5': 'skip_connect'}",2916.8652976512917,0.3573,0.3573
"{'hp_x0': 'avg_pool_3x3', 'hp_x1': 'avg_pool_3x3', 'hp_x2': 'none', 'hp_x3': 'avg_pool_3x3', 'hp_x4': 'none', 'hp_x5': 'nor_conv_3x3'}",3628.2391708850864,0.4275,0.4275
"{'hp_x0': 'none', 'hp_x1': 'nor_conv_3x3', 'hp_x2': 'skip_connect', 'hp_x3': 'skip_connect', 'hp_x4': 'avg_pool_3x3', 'hp_x5': 'nor_conv_3x3'}",3615.969728565216,0.2925,0.2925
"{'hp_x0': 'nor_conv_3x3', 'hp_x1': 'nor_conv_3x3', 'hp_x2': 'nor_conv_3x3', 'hp_x3': 'nor_conv_1x1', 'hp_x4': 'nor_conv_1x1', 'hp_x5': 'skip_connect'}",5860.77377114296,0.2958,0.2958
"{'hp_x0': 'nor_conv_1x1', 'hp_x1': 'avg_pool_3x3', 'hp_x2': 'nor_conv_1x1', 'hp_x3': 'none', 'hp_x4': 'nor_conv_3x3', 'hp_x5': 'skip_connect'}",4297.012135601044,0.3374,0.3374
"{'hp_x0': 'none', 'hp_x1': 'nor_conv_1x1', 'hp_x2': 'none', 'hp_x3': 'none', 'hp_x4': 'none', 'hp_x5': 'nor_conv_1x1'}",3024.853528118134,0.4258,0.4258
"{'hp_x0': 'none', 'hp_x1': 'none', 'hp_x2': 'none', 'hp_x3': 'avg_pool_3x3', 'hp_x4': 'none', 'hp_x5': 'nor_conv_1x1'}",2586.903177833557,0.5309,0.5309
"{'hp_x0': 'skip_connect', 'hp_x1': 'avg_pool_3x3', 'hp_x2': 'nor_conv_3x3', 'hp_x3': 'nor_conv_3x3', 'hp_x4': 'nor_conv_1x1', 'hp_x5': 'avg_pool_3x3'}",4812.691144084931,0.3679,0.3679
"{'hp_x0': 'avg_pool_3x3', 'hp_x1': 'nor_conv_3x3', 'hp_x2': 'skip_connect', 'hp_x3': 'none', 'hp_x4': 'skip_connect', 'hp_x5': 'avg_pool_3x3'}",3012.159258460999,0.4593,0.4593
"{'hp_x0': 'nor_conv_1x1', 'hp_x1': 'skip_connect', 'hp_x2': 'skip_connect', 'hp_x3': 'avg_pool_3x3', 'hp_x4': 'nor_conv_3x3', 'hp_x5': 'avg_pool_3x3'}",3687.458235836029,0.3784,0.3784
"{'hp_x0': 'skip_connect', 'hp_x1': 'skip_connect', 'hp_x2': 'nor_conv_1x1', 'hp_x3': 'skip_connect', 'hp_x4': 'nor_conv_1x1', 'hp_x5': 'skip_connect'}",2729.0616110324863,0.4122,0.4122
"{'hp_x0': 'nor_conv_3x3', 'hp_x1': 'skip_connect', 'hp_x2': 'nor_conv_1x1', 'hp_x3': 'nor_conv_1x1', 'hp_x4': 'nor_conv_1x1', 'hp_x5': 'skip_connect'}",4498.042169904709,0.3057,0.3057
"{'hp_x0': 'nor_conv_1x1', 'hp_x1': 'none', 'hp_x2': 'nor_conv_3x3', 'hp_x3': 'skip_connect', 'hp_x4': 'nor_conv_1x1', 'hp_x5': 'nor_conv_3x3'}",4755.288349485398,0.28,0.28
"{'hp_x0': 'skip_connect', 'hp_x1': 'nor_conv_3x3', 'hp_x2': 'none', 'hp_x3': 'skip_connect', 'hp_x4': 'nor_conv_1x1', 'hp_x5': 'avg_pool_3x3'}",3462.996445512772,0.3342,0.3342
"{'hp_x0': 'nor_conv_1x1', 'hp_x1': 'skip_connect', 'hp_x2': 'nor_conv_1x1', 'hp_x3': 'avg_pool_3x3', 'hp_x4': 'avg_pool_3x3', 'hp_x5': 'avg_pool_3x3'}",3903.800974702835,0.3954,0.3954
"{'hp_x0': 'nor_conv_1x1', 'hp_x1': 'skip_connect', 'hp_x2': 'nor_conv_1x1', 'hp_x3': 'avg_pool_3x3', 'hp_x4': 'none', 'hp_x5': 'avg_pool_3x3'}",3378.7646833419803,0.3925,0.3925
"{'hp_x0': 'avg_pool_3x3', 'hp_x1': 'skip_connect', 'hp_x2': 'nor_conv_1x1', 'hp_x3': 'skip_connect', 'hp_x4': 'nor_conv_1x1', 'hp_x5': 'avg_pool_3x3'}",3518.754028892517,0.4206,0.4206
"{'hp_x0': 'avg_pool_3x3', 'hp_x1': 'avg_pool_3x3', 'hp_x2': 'nor_conv_1x1', 'hp_x3': 'avg_pool_3x3', 'hp_x4': 'skip_connect', 'hp_x5': 'skip_connect'}",3048.6388829708103,0.6411,0.6411
"{'hp_x0': 'avg_pool_3x3', 'hp_x1': 'none', 'hp_x2': 'nor_conv_1x1', 'hp_x3': 'none', 'hp_x4': 'avg_pool_3x3', 'hp_x5': 'none'}",2939.716118192673,0.5973,0.5973
"{'hp_x0': 'avg_pool_3x3', 'hp_x1': 'avg_pool_3x3', 'hp_x2': 'nor_conv_3x3', 'hp_x3': 'skip_connect', 'hp_x4': 'avg_pool_3x3', 'hp_x5': 'nor_conv_1x1'}",6297.424677467347,0.4729,0.4729
"{'hp_x0': 'nor_conv_3x3', 'hp_x1': 'nor_conv_3x3', 'hp_x2': 'none', 'hp_x3': 'avg_pool_3x3', 'hp_x4': 'avg_pool_3x3', 'hp_x5': 'nor_conv_1x1'}",7479.307818031311,0.32459998,0.32459998
"{'hp_x0': 'nor_conv_1x1', 'hp_x1': 'skip_connect', 'hp_x2': 'none', 'hp_x3': 'nor_conv_1x1', 'hp_x4': 'nor_conv_1x1', 'hp_x5': 'avg_pool_3x3'}",6758.242093658448,0.3398,0.3398
"{'hp_x0': 'none', 'hp_x1': 'skip_connect', 'hp_x2': 'nor_conv_1x1', 'hp_x3': 'none', 'hp_x4': 'avg_pool_3x3', 'hp_x5': 'skip_connect'}",5381.6525643825535,0.4135,0.4135
"{'hp_x0': 'nor_conv_1x1', 'hp_x1': 'none', 'hp_x2': 'nor_conv_1x1', 'hp_x3': 'nor_conv_1x1', 'hp_x4': 'nor_conv_3x3', 'hp_x5': 'nor_conv_3x3'}",8637.634363508223,0.3057,0.3057
"{'hp_x0': 'nor_conv_1x1', 'hp_x1': 'skip_connect', 'hp_x2': 'skip_connect', 'hp_x3': 'none', 'hp_x4': 'nor_conv_1x1', 'hp_x5': 'nor_conv_3x3'}",6866.99382147789,0.31465,0.31465
"{'hp_x0': 'nor_conv_1x1', 'hp_x1': 'nor_conv_3x3', 'hp_x2': 'none', 'hp_x3': 'skip_connect', 'hp_x4': 'skip_connect', 'hp_x5': 'avg_pool_3x3'}",6447.490501499176,0.3345,0.3345
"{'hp_x0': 'avg_pool_3x3', 'hp_x1': 'none', 'hp_x2': 'avg_pool_3x3', 'hp_x3': 'nor_conv_1x1', 'hp_x4': 'skip_connect', 'hp_x5': 'avg_pool_3x3'}",6212.381084060669,0.4894,0.4894
"{'hp_x0': 'avg_pool_3x3', 'hp_x1': 'nor_conv_3x3', 'hp_x2': 'nor_conv_3x3', 'hp_x3': 'avg_pool_3x3', 'hp_x4': 'nor_conv_1x1', 'hp_x5': 'avg_pool_3x3'}",8598.70675382614,0.3866,0.3866
"{'hp_x0': 'none', 'hp_x1': 'none', 'hp_x2': 'avg_pool_3x3', 'hp_x3': 'nor_conv_3x3', 'hp_x4': 'nor_conv_1x1', 'hp_x5': 'none'}",7056.002708292008,0.3276,0.3276
"{'hp_x0': 'nor_conv_3x3', 'hp_x1': 'nor_conv_3x3', 'hp_x2': 'skip_connect', 'hp_x3': 'nor_conv_3x3', 'hp_x4': 'none', 'hp_x5': 'skip_connect'}",7741.795082426071,0.3257,0.3257
"{'hp_x0': 'none', 'hp_x1': 'none', 'hp_x2': 'skip_connect', 'hp_x3': 'nor_conv_1x1', 'hp_x4': 'nor_conv_1x1', 'hp_x5': 'nor_conv_3x3'}",7503.004756784439,0.382,0.382
"{'hp_x0': 'skip_connect', 'hp_x1': 'none', 'hp_x2': 'nor_conv_1x1', 'hp_x3': 'nor_conv_1x1', 'hp_x4': 'nor_conv_3x3', 'hp_x5': 'nor_conv_3x3'}",8280.720722055434,0.304,0.304
"{'hp_x0': 'nor_conv_3x3', 'hp_x1': 'nor_conv_3x3', 'hp_x2': 'skip_connect', 'hp_x3': 'avg_pool_3x3', 'hp_x4': 'nor_conv_1x1', 'hp_x5': 'nor_conv_3x3'}",9034.240448808669,0.3021,0.3021
"{'hp_x0': 'nor_conv_1x1', 'hp_x1': 'nor_conv_3x3', 'hp_x2': 'nor_conv_3x3', 'hp_x3': 'skip_connect', 'hp_x4': 'avg_pool_3x3', 'hp_x5': 'avg_pool_3x3'}",8474.03535876274,0.3207,0.3207
"{'hp_x0': 'none', 'hp_x1': 'avg_pool_3x3', 'hp_x2': 'none', 'hp_x3': 'nor_conv_1x1', 'hp_x4': 'nor_conv_1x1', 'hp_x5': 'avg_pool_3x3'}",7563.986384248734,0.3787,0.3787
"{'hp_x0': 'nor_conv_1x1', 'hp_x1': 'nor_conv_1x1', 'hp_x2': 'avg_pool_3x3', 'hp_x3': 'nor_conv_1x1', 'hp_x4': 'avg_pool_3x3', 'hp_x5': 'skip_connect'}",8630.243522977828,0.3469,0.3469
"{'hp_x0': 'avg_pool_3x3', 'hp_x1': 'none', 'hp_x2': 'avg_pool_3x3', 'hp_x3': 'nor_conv_1x1', 'hp_x4': 'none', 'hp_x5': 'none'}",7514.615100240708,0.3832,0.3832
"{'hp_x0': 'avg_pool_3x3', 'hp_x1': 'skip_connect', 'hp_x2': 'none', 'hp_x3': 'none', 'hp_x4': 'skip_connect', 'hp_x5': 'none'}",6532.6286257267,0.5334,0.5334
"{'hp_x0': 'nor_conv_1x1', 'hp_x1': 'skip_connect', 'hp_x2': 'nor_conv_1x1', 'hp_x3': 'avg_pool_3x3', 'hp_x4': 'avg_pool_3x3', 'hp_x5': 'avg_pool_3x3'}",8719.088961696623,0.389,0.389
"{'hp_x0': 'nor_conv_1x1', 'hp_x1': 'none', 'hp_x2': 'none', 'hp_x3': 'skip_connect', 'hp_x4': 'skip_connect', 'hp_x5': 'none'}",7230.293697929383,0.3599,0.3599
"{'hp_x0': 'nor_conv_3x3', 'hp_x1': 'nor_conv_1x1', 'hp_x2': 'nor_conv_1x1', 'hp_x3': 'nor_conv_1x1', 'hp_x4': 'nor_conv_3x3', 'hp_x5': 'skip_connect'}",10991.215799188612,0.3056,0.3056
"{'hp_x0': 'skip_connect', 'hp_x1': 'nor_conv_1x1', 'hp_x2': 'skip_connect', 'hp_x3': 'nor_conv_1x1', 'hp_x4': 'none', 'hp_x5': 'none'}",8611.481611347197,0.3792,0.3792
"{'hp_x0': 'nor_conv_3x3', 'hp_x1': 'skip_connect', 'hp_x2': 'avg_pool_3x3', 'hp_x3': 'nor_conv_1x1', 'hp_x4': 'avg_pool_3x3', 'hp_x5': 'skip_connect'}",9673.660993909834,0.3288,0.3288
"{'hp_x0': 'nor_conv_1x1', 'hp_x1': 'skip_connect', 'hp_x2': 'nor_conv_3x3', 'hp_x3': 'skip_connect', 'hp_x4': 'nor_conv_3x3', 'hp_x5': 'none'}",9848.405346250533,0.3064,0.3064
"{'hp_x0': 'nor_conv_3x3', 'hp_x1': 'avg_pool_3x3', 'hp_x2': 'avg_pool_3x3', 'hp_x3': 'avg_pool_3x3', 'hp_x4': 'avg_pool_3x3', 'hp_x5': 'avg_pool_3x3'}",10489.779733753205,0.4647,0.4647
"{'hp_x0': 'avg_pool_3x3', 'hp_x1': 'nor_conv_1x1', 'hp_x2': 'nor_conv_3x3', 'hp_x3': 'none', 'hp_x4': 'nor_conv_3x3', 'hp_x5': 'skip_connect'}",10812.208129024504,0.3284,0.3284
"{'hp_x0': 'avg_pool_3x3', 'hp_x1': 'avg_pool_3x3', 'hp_x2': 'skip_connect', 'hp_x3': 'avg_pool_3x3', 'hp_x4': 'none', 'hp_x5': 'none'}",8998.993716335295,0.5352,0.5352
"{'hp_x0': 'nor_conv_3x3', 'hp_x1': 'nor_conv_3x3', 'hp_x2': 'none', 'hp_x3': 'nor_conv_3x3', 'hp_x4': 'nor_conv_3x3', 'hp_x5': 'nor_conv_1x1'}",12486.2993997097,0.3001,0.3001
"{'hp_x0': 'nor_conv_3x3', 'hp_x1': 'nor_conv_1x1', 'hp_x2': 'nor_conv_1x1', 'hp_x3': 'nor_conv_3x3', 'hp_x4': 'nor_conv_3x3', 'hp_x5': 'nor_conv_3x3'}",13524.54512748718,0.2979,0.2979
"{'hp_x0': 'avg_pool_3x3', 'hp_x1': 'nor_conv_1x1', 'hp_x2': 'avg_pool_3x3', 'hp_x3': 'none', 'hp_x4': 'nor_conv_3x3', 'hp_x5': 'none'}",10732.242162322997,0.4245,0.4245
"{'hp_x0': 'avg_pool_3x3', 'hp_x1': 'nor_conv_1x1', 'hp_x2': 'skip_connect', 'hp_x3': 'nor_conv_3x3', 'hp_x4': 'none', 'hp_x5': 'none'}",10452.880715465544,0.33,0.33
"{'hp_x0': 'avg_pool_3x3', 'hp_x1': 'avg_pool_3x3', 'hp_x2': 'skip_connect', 'hp_x3': 'avg_pool_3x3', 'hp_x4': 'nor_conv_1x1', 'hp_x5': 'nor_conv_1x1'}",11037.373005247116,0.4496,0.4496
"{'hp_x0': 'nor_conv_3x3', 'hp_x1': 'none', 'hp_x2': 'nor_conv_1x1', 'hp_x3': 'nor_conv_1x1', 'hp_x4': 'nor_conv_1x1', 'hp_x5': 'none'}",11855.08196840286,0.30685002,0.30685002
"{'hp_x0': 'nor_conv_3x3', 'hp_x1': 'skip_connect', 'hp_x2': 'skip_connect', 'hp_x3': 'nor_conv_3x3', 'hp_x4': 'nor_conv_1x1', 'hp_x5': 'nor_conv_1x1'}",12171.163232421874,0.298,0.298
"{'hp_x0': 'none', 'hp_x1': 'skip_connect', 'hp_x2': 'nor_conv_3x3', 'hp_x3': 'nor_conv_3x3', 'hp_x4': 'avg_pool_3x3', 'hp_x5': 'avg_pool_3x3'}",11654.275617218016,0.3516,0.3516
"{'hp_x0': 'none', 'hp_x1': 'nor_conv_1x1', 'hp_x2': 'nor_conv_1x1', 'hp_x3': 'skip_connect', 'hp_x4': 'nor_conv_3x3', 'hp_x5': 'avg_pool_3x3'}",11647.396421051024,0.3559,0.3559
"{'hp_x0': 'nor_conv_3x3', 'hp_x1': 'none', 'hp_x2': 'none', 'hp_x3': 'skip_connect', 'hp_x4': 'avg_pool_3x3', 'hp_x5': 'avg_pool_3x3'}",10710.34118542671,0.3422,0.3422
"{'hp_x0': 'nor_conv_1x1', 'hp_x1': 'nor_conv_3x3', 'hp_x2': 'nor_conv_3x3', 'hp_x3': 'avg_pool_3x3', 'hp_x4': 'none', 'hp_x5': 'nor_conv_1x1'}",12990.555159902571,0.3194,0.3194
"{'hp_x0': 'nor_conv_1x1', 'hp_x1': 'none', 'hp_x2': 'nor_conv_1x1', 'hp_x3': 'none', 'hp_x4': 'nor_conv_1x1', 'hp_x5': 'avg_pool_3x3'}",12413.101119613646,0.38,0.38
"{'hp_x0': 'nor_conv_1x1', 'hp_x1': 'nor_conv_1x1', 'hp_x2': 'nor_conv_3x3', 'hp_x3': 'nor_conv_1x1', 'hp_x4': 'none', 'hp_x5': 'avg_pool_3x3'}",13481.439631080626,0.3171,0.3171
"{'hp_x0': 'avg_pool_3x3', 'hp_x1': 'avg_pool_3x3', 'hp_x2': 'nor_conv_1x1', 'hp_x3': 'nor_conv_3x3', 'hp_x4': 'skip_connect', 'hp_x5': 'nor_conv_1x1'}",13338.567849969862,0.34899998,0.34899998
"{'hp_x0': 'nor_conv_1x1', 'hp_x1': 'avg_pool_3x3', 'hp_x2': 'nor_conv_1x1', 'hp_x3': 'skip_connect', 'hp_x4': 'avg_pool_3x3', 'hp_x5': 'nor_conv_1x1'}",13008.676245069502,0.3362,0.3362
"{'hp_x0': 'nor_conv_3x3', 'hp_x1': 'none', 'hp_x2': 'nor_conv_1x1', 'hp_x3': 'nor_conv_3x3', 'hp_x4': 'skip_connect', 'hp_x5': 'nor_conv_3x3'}",13549.459426498412,0.3006,0.3006
"{'hp_x0': 'nor_conv_3x3', 'hp_x1': 'nor_conv_1x1', 'hp_x2': 'nor_conv_3x3', 'hp_x3': 'nor_conv_1x1', 'hp_x4': 'skip_connect', 'hp_x5': 'none'}",13497.743373727795,0.3171,0.3171
"{'hp_x0': 'nor_conv_3x3', 'hp_x1': 'none', 'hp_x2': 'nor_conv_3x3', 'hp_x3': 'none', 'hp_x4': 'nor_conv_3x3', 'hp_x5': 'skip_connect'}",13209.14647374153,0.3601,0.3601
"{'hp_x0': 'skip_connect', 'hp_x1': 'nor_conv_1x1', 'hp_x2': 'nor_conv_3x3', 'hp_x3': 'skip_connect', 'hp_x4': 'skip_connect', 'hp_x5': 'none'}",12014.214575386046,0.4526,0.4526
"{'hp_x0': 'skip_connect', 'hp_x1': 'nor_conv_1x1', 'hp_x2': 'avg_pool_3x3', 'hp_x3': 'none', 'hp_x4': 'skip_connect', 'hp_x5': 'avg_pool_3x3'}",11688.18244037628,0.4721,0.4721
"{'hp_x0': 'skip_connect', 'hp_x1': 'nor_conv_1x1', 'hp_x2': 'nor_conv_3x3', 'hp_x3': 'nor_conv_1x1', 'hp_x4': 'skip_connect', 'hp_x5': 'none'}",13540.629842615126,0.3652,0.3652
"{'hp_x0': 'nor_conv_3x3', 'hp_x1': 'skip_connect', 'hp_x2': 'skip_connect', 'hp_x3': 'none', 'hp_x4': 'nor_conv_1x1', 'hp_x5': 'none'}",12930.632563924788,0.3651,0.3651
"{'hp_x0': 'skip_connect', 'hp_x1': 'none', 'hp_x2': 'skip_connect', 'hp_x3': 'nor_conv_3x3', 'hp_x4': 'none', 'hp_x5': 'avg_pool_3x3'}",13226.1251352787,0.3504,0.3504
"{'hp_x0': 'avg_pool_3x3', 'hp_x1': 'skip_connect', 'hp_x2': 'avg_pool_3x3', 'hp_x3': 'nor_conv_1x1', 'hp_x4': 'skip_connect', 'hp_x5': 'avg_pool_3x3'}",13687.138017988204,0.5655,0.5655
"{'hp_x0': 'nor_conv_1x1', 'hp_x1': 'avg_pool_3x3', 'hp_x2': 'avg_pool_3x3', 'hp_x3': 'nor_conv_3x3', 'hp_x4': 'avg_pool_3x3', 'hp_x5': 'avg_pool_3x3'}",15388.986523246764,0.37365,0.37365
"{'hp_x0': 'nor_conv_1x1', 'hp_x1': 'none', 'hp_x2': 'nor_conv_1x1', 'hp_x3': 'nor_conv_1x1', 'hp_x4': 'avg_pool_3x3', 'hp_x5': 'none'}",14663.269048309325,0.35175002,0.35175002
"{'hp_x0': 'none', 'hp_x1': 'nor_conv_1x1', 'hp_x2': 'skip_connect', 'hp_x3': 'none', 'hp_x4': 'none', 'hp_x5': 'nor_conv_1x1'}",13794.628418779372,0.4553,0.4553
"{'hp_x0': 'nor_conv_3x3', 'hp_x1': 'none', 'hp_x2': 'nor_conv_1x1', 'hp_x3': 'nor_conv_3x3', 'hp_x4': 'nor_conv_1x1', 'hp_x5': 'nor_conv_1x1'}",15888.555934524536,0.3244,0.3244
"{'hp_x0': 'avg_pool_3x3', 'hp_x1': 'nor_conv_3x3', 'hp_x2': 'avg_pool_3x3', 'hp_x3': 'nor_conv_3x3', 'hp_x4': 'nor_conv_3x3', 'hp_x5': 'none'}",15906.800397014616,0.32169998,0.32169998
"{'hp_x0': 'skip_connect', 'hp_x1': 'nor_conv_1x1', 'hp_x2': 'avg_pool_3x3', 'hp_x3': 'nor_conv_1x1', 'hp_x4': 'skip_connect', 'hp_x5': 'nor_conv_1x1'}",15697.021432971953,0.3395,0.3395
"{'hp_x0': 'skip_connect', 'hp_x1': 'nor_conv_3x3', 'hp_x2': 'nor_conv_1x1', 'hp_x3': 'nor_conv_3x3', 'hp_x4': 'nor_conv_1x1', 'hp_x5': 'skip_connect'}",15896.987950420378,0.336,0.336
"{'hp_x0': 'skip_connect', 'hp_x1': 'none', 'hp_x2': 'nor_conv_3x3', 'hp_x3': 'avg_pool_3x3', 'hp_x4': 'nor_conv_1x1', 'hp_x5': 'avg_pool_3x3'}",15545.51670322418,0.3524,0.3524
"{'hp_x0': 'skip_connect', 'hp_x1': 'nor_conv_3x3', 'hp_x2': 'avg_pool_3x3', 'hp_x3': 'nor_conv_3x3', 'hp_x4': 'skip_connect', 'hp_x5': 'nor_conv_3x3'}",15909.54584083557,0.3219,0.3219
"{'hp_x0': 'nor_conv_3x3', 'hp_x1': 'nor_conv_1x1', 'hp_x2': 'avg_pool_3x3', 'hp_x3': 'none', 'hp_x4': 'nor_conv_3x3', 'hp_x5': 'nor_conv_3x3'}",15908.014389610287,0.3952,0.3952
"{'hp_x0': 'none', 'hp_x1': 'avg_pool_3x3', 'hp_x2': 'skip_connect', 'hp_x3': 'nor_conv_1x1', 'hp_x4': 'none', 'hp_x5': 'nor_conv_3x3'}",15705.043017482756,0.33175,0.33175
"{'hp_x0': 'skip_connect', 'hp_x1': 'nor_conv_1x1', 'hp_x2': 'none', 'hp_x3': 'nor_conv_3x3', 'hp_x4': 'avg_pool_3x3', 'hp_x5': 'none'}",15852.818701839446,0.3396,0.3396
"{'hp_x0': 'nor_conv_3x3', 'hp_x1': 'skip_connect', 'hp_x2': 'none', 'hp_x3': 'nor_conv_1x1', 'hp_x4': 'avg_pool_3x3', 'hp_x5': 'none'}",15893.439610815049,0.3319,0.3319
"{'hp_x0': 'none', 'hp_x1': 'avg_pool_3x3', 'hp_x2': 'skip_connect', 'hp_x3': 'nor_conv_1x1', 'hp_x4': 'nor_conv_3x3', 'hp_x5': 'skip_connect'}",15905.96445736885,0.3961,0.3961
"{'hp_x0': 'nor_conv_1x1', 'hp_x1': 'skip_connect', 'hp_x2': 'none', 'hp_x3': 'skip_connect', 'hp_x4': 'nor_conv_3x3', 'hp_x5': 'none'}",15905.218689298628,0.3064,0.3064
"{'hp_x0': 'skip_connect', 'hp_x1': 'skip_connect', 'hp_x2': 'none', 'hp_x3': 'skip_connect', 'hp_x4': 'none', 'hp_x5': 'avg_pool_3x3'}",14731.97783384323,0.4889,0.4889
"{'hp_x0': 'nor_conv_3x3', 'hp_x1': 'skip_connect', 'hp_x2': 'none', 'hp_x3': 'none', 'hp_x4': 'nor_conv_3x3', 'hp_x5': 'nor_conv_3x3'}",15898.96548757553,0.377,0.377
"{'hp_x0': 'none', 'hp_x1': 'skip_connect', 'hp_x2': 'none', 'hp_x3': 'nor_conv_3x3', 'hp_x4': 'skip_connect', 'hp_x5': 'none'}",15644.927686548232,0.3235,0.3235
"{'hp_x0': 'nor_conv_3x3', 'hp_x1': 'avg_pool_3x3', 'hp_x2': 'skip_connect', 'hp_x3': 'nor_conv_3x3', 'hp_x4': 'skip_connect', 'hp_x5': 'nor_conv_1x1'}",15900.595347976683,0.4258,0.4258
"{'hp_x0': 'skip_connect', 'hp_x1': 'avg_pool_3x3', 'hp_x2': 'skip_connect', 'hp_x3': 'none', 'hp_x4': 'none', 'hp_x5': 'avg_pool_3x3'}",15618.73943171501,0.599,0.599
"{'hp_x0': 'nor_conv_3x3', 'hp_x1': 'avg_pool_3x3', 'hp_x2': 'skip_connect', 'hp_x3': 'nor_conv_1x1', 'hp_x4': 'none', 'hp_x5': 'avg_pool_3x3'}",15907.299760913847,0.5485,0.5485
"{'hp_x0': 'nor_conv_1x1', 'hp_x1': 'none', 'hp_x2': 'nor_conv_1x1', 'hp_x3': 'avg_pool_3x3', 'hp_x4': 'skip_connect', 'hp_x5': 'nor_conv_1x1'}",15907.581766939162,0.53945,0.53945
"{'hp_x0': 'nor_conv_1x1', 'hp_x1': 'nor_conv_1x1', 'hp_x2': 'nor_conv_3x3', 'hp_x3': 'nor_conv_1x1', 'hp_x4': 'skip_connect', 'hp_x5': 'skip_connect'}",15908.492839908598,0.44675,0.44675
"{'hp_x0': 'none', 'hp_x1': 'nor_conv_1x1', 'hp_x2': 'avg_pool_3x3', 'hp_x3': 'none', 'hp_x4': 'nor_conv_3x3', 'hp_x5': 'skip_connect'}",15899.276557540892,0.4867,0.4867
"{'hp_x0': 'none', 'hp_x1': 'nor_conv_3x3', 'hp_x2': 'none', 'hp_x3': 'nor_conv_3x3', 'hp_x4': 'skip_connect', 'hp_x5': 'nor_conv_1x1'}",15894.891322946549,0.41755,0.41755
"{'hp_x0': 'skip_connect', 'hp_x1': 'skip_connect', 'hp_x2': 'nor_conv_1x1', 'hp_x3': 'skip_connect', 'hp_x4': 'none', 'hp_x5': 'nor_conv_3x3'}",15907.938774919508,0.3715,0.3715
"{'hp_x0': 'none', 'hp_x1': 'nor_conv_1x1', 'hp_x2': 'nor_conv_3x3', 'hp_x3': 'nor_conv_1x1', 'hp_x4': 'none', 'hp_x5': 'none'}",15904.408558702467,0.6253,0.6253
"{'hp_x0': 'avg_pool_3x3', 'hp_x1': 'skip_connect', 'hp_x2': 'nor_conv_3x3', 'hp_x3': 'none', 'hp_x4': 'none', 'hp_x5': 'nor_conv_3x3'}",15899.377748107909,0.5063,0.5063
"{'hp_x0': 'none', 'hp_x1': 'avg_pool_3x3', 'hp_x2': 'avg_pool_3x3', 'hp_x3': 'skip_connect', 'hp_x4': 'nor_conv_1x1', 'hp_x5': 'nor_conv_3x3'}",15900.3854142189,0.6201,0.6201
"{'hp_x0': 'avg_pool_3x3', 'hp_x1': 'avg_pool_3x3', 'hp_x2': 'avg_pool_3x3', 'hp_x3': 'skip_connect', 'hp_x4': 'none', 'hp_x5': 'avg_pool_3x3'}",15896.623801565169,0.9677,0.9677
"{'hp_x0': 'skip_connect', 'hp_x1': 'nor_conv_1x1', 'hp_x2': 'none', 'hp_x3': 'nor_conv_1x1', 'hp_x4': 'none', 'hp_x5': 'none'}",15902.891805267333,0.6777,0.6777
"{'hp_x0': 'skip_connect', 'hp_x1': 'nor_conv_3x3', 'hp_x2': 'nor_conv_1x1', 'hp_x3': 'none', 'hp_x4': 'none', 'hp_x5': 'avg_pool_3x3'}",15910.010341024396,0.826,0.826
"{'hp_x0': 'avg_pool_3x3', 'hp_x1': 'skip_connect', 'hp_x2': 'none', 'hp_x3': 'nor_conv_1x1', 'hp_x4': 'nor_conv_1x1', 'hp_x5': 'avg_pool_3x3'}",15903.537953710556,0.7275,0.7275
"{'hp_x0': 'nor_conv_3x3', 'hp_x1': 'none', 'hp_x2': 'none', 'hp_x3': 'avg_pool_3x3', 'hp_x4': 'avg_pool_3x3', 'hp_x5': 'avg_pool_3x3'}",15897.89611968994,0.8622,0.8622
"{'hp_x0': 'nor_conv_3x3', 'hp_x1': 'nor_conv_3x3', 'hp_x2': 'none', 'hp_x3': 'nor_conv_3x3', 'hp_x4': 'none', 'hp_x5': 'avg_pool_3x3'}",15903.659444427489,0.8956,0.8956
